77357313 47526679 1924
83367952 77620721 1985
40439621 66117396 1956
19065677 98532369 1929
83367952 12462143 1999
40439621 89061741 1969
40439621 23229997 1964
40439621 10905644 1984
19065677 72777830 1994
51456250 54280247 1904
77357313 54280247 1986
40439621 98532369 1939
40439621 59488575 1993
77357313 45733192 1908
51456250 71168457 1966
40439621 71221797 1906
77357313 83668260 1989
40439621 62000689 1982
83121612 18151713 1908
19065677 12462143 1904
51456250 35650694 1958
19065677 95571210 1954
51456250 76292943 1989
83367952 96413053 1980
51456250 15180257 1924
19065677 89061741 1901
83367952 75355724 1926
19065677 36233156 1926
83121612 30245696 1940
77357313 88851927 1990
77357313 83148334 1947
83367952 19354839 1910
83121612 97095696 1999
83121612 36233156 1969
77357313 30288972 1963
83367952 52542455 1980
83121612 64882575 1932
66925307 83668260 1975
77357313 25528472 1948
66925307 66117396 1975
66925307 86910508 1912
19065677 70348493 1936
19065677 40476411 1998
40439621 44229681 1905
40439621 54062770 1942
83367952 45733192 1905
19065677 95123574 1944
77357313 44229681 1942
51456250 59593607 1934
19065677 30288972 1954
66925307 21780411 1965
51456250 34069242 1967
